1 1  1.499399974150556e-03
1 4  1.203222233394999e-04
4 1  1.203222233394999e-04
1 7  2.221333321962222e-04
7 1  2.221333321962222e-04
1 10  1.203222233394997e-04
10 1  1.203222233394997e-04
1 133  1.851111439022221e-05
133 1  1.851111439022221e-05
1 139  1.851111439022226e-05
139 1  1.851111439022226e-05
1 487  2.498999919013886e-04
487 1  2.498999919013886e-04
1 1429 -4.812888822248887e-04
1429 1 -4.812888822248887e-04
1 1432 -8.885333115431109e-04
1432 1 -8.885333115431109e-04
1 1435 -6.663999793468892e-04
1435 1 -6.663999793468892e-04
1 1438 -1.332799975935556e-03
1438 1 -1.332799975935556e-03
1 1441 -7.219333287187780e-04
1441 1 -7.219333287187780e-04
1 1444 -9.996000153113327e-04
1444 1 -9.996000153113327e-04
1 1447 -1.110666820573335e-04
1447 1 -1.110666820573335e-04
1 1450 -7.404445346200002e-05
1450 1 -7.404445346200002e-05
1 1453 -4.812888822248888e-04
1453 1 -4.812888822248888e-04
1 1456 -7.219333287187780e-04
1456 1 -7.219333287187780e-04
1 1459 -5.553333860900008e-05
1459 1 -5.553333860900008e-05
1 3109 -6.663999793468889e-04
3109 1 -6.663999793468889e-04
1 3139 -5.553333897922230e-05
3139 1 -5.553333897922230e-05
1 3190 -1.110666820573335e-04
3190 1 -1.110666820573335e-04
1 3454 -7.404445346199996e-05
3454 1 -7.404445346199996e-05
1 3496 -5.553333860900005e-05
3496 1 -5.553333860900005e-05
2 2  1.499399974150556e-03
2 5  1.203222233394999e-04
5 2  1.203222233394999e-04
2 8  2.221333321962222e-04
8 2  2.221333321962222e-04
2 11  1.203222233394997e-04
11 2  1.203222233394997e-04
2 134  1.851111439022221e-05
134 2  1.851111439022221e-05
2 140  1.851111439022226e-05
140 2  1.851111439022226e-05
2 488  2.498999919013886e-04
488 2  2.498999919013886e-04
2 1430 -4.812888822248887e-04
1430 2 -4.812888822248887e-04
2 1433 -8.885333115431109e-04
1433 2 -8.885333115431109e-04
2 1436 -6.663999793468892e-04
1436 2 -6.663999793468892e-04
2 1439 -1.332799975935556e-03
1439 2 -1.332799975935556e-03
2 1442 -7.219333287187780e-04
1442 2 -7.219333287187780e-04
2 1445 -9.996000153113327e-04
1445 2 -9.996000153113327e-04
2 1448 -1.110666820573335e-04
1448 2 -1.110666820573335e-04
2 1451 -7.404445346200002e-05
1451 2 -7.404445346200002e-05
2 1454 -4.812888822248888e-04
1454 2 -4.812888822248888e-04
2 1457 -7.219333287187780e-04
1457 2 -7.219333287187780e-04
2 1460 -5.553333860900008e-05
1460 2 -5.553333860900008e-05
2 3110 -6.663999793468889e-04
3110 2 -6.663999793468889e-04
2 3140 -5.553333897922230e-05
3140 2 -5.553333897922230e-05
2 3191 -1.110666820573335e-04
3191 2 -1.110666820573335e-04
2 3455 -7.404445346199996e-05
3455 2 -7.404445346199996e-05
2 3497 -5.553333860900005e-05
3497 2 -5.553333860900005e-05
3 3  1.499399974150556e-03
3 6  1.203222233394999e-04
6 3  1.203222233394999e-04
3 9  2.221333321962222e-04
9 3  2.221333321962222e-04
3 12  1.203222233394997e-04
12 3  1.203222233394997e-04
3 135  1.851111439022221e-05
135 3  1.851111439022221e-05
3 141  1.851111439022226e-05
141 3  1.851111439022226e-05
3 489  2.498999919013886e-04
489 3  2.498999919013886e-04
3 1431 -4.812888822248887e-04
1431 3 -4.812888822248887e-04
3 1434 -8.885333115431109e-04
1434 3 -8.885333115431109e-04
3 1437 -6.663999793468892e-04
1437 3 -6.663999793468892e-04
3 1440 -1.332799975935556e-03
1440 3 -1.332799975935556e-03
3 1443 -7.219333287187780e-04
1443 3 -7.219333287187780e-04
3 1446 -9.996000153113327e-04
1446 3 -9.996000153113327e-04
3 1449 -1.110666820573335e-04
1449 3 -1.110666820573335e-04
3 1452 -7.404445346200002e-05
1452 3 -7.404445346200002e-05
3 1455 -4.812888822248888e-04
1455 3 -4.812888822248888e-04
3 1458 -7.219333287187780e-04
1458 3 -7.219333287187780e-04
3 1461 -5.553333860900008e-05
1461 3 -5.553333860900008e-05
3 3111 -6.663999793468889e-04
3111 3 -6.663999793468889e-04
3 3141 -5.553333897922230e-05
3141 3 -5.553333897922230e-05
3 3192 -1.110666820573335e-04
3192 3 -1.110666820573335e-04
3 3456 -7.404445346199996e-05
3456 3 -7.404445346199996e-05
3 3498 -5.553333860900005e-05
3498 3 -5.553333860900005e-05
4 4  8.329999948036670e-04
4 7  1.203222233394999e-04
7 4  1.203222233394999e-04
4 139  1.851111439022221e-05
139 4  1.851111439022221e-05
4 142  1.851111439022220e-05
142 4  1.851111439022220e-05
4 487  1.388333301137219e-04
487 4  1.388333301137219e-04
4 1432 -6.663999793468889e-04
1432 4 -6.663999793468889e-04
4 1438 -7.219333287187779e-04
1438 4 -7.219333287187779e-04
4 1444 -7.219333287187780e-04
1444 4 -7.219333287187780e-04
4 1447 -1.110666820573335e-04
1447 4 -1.110666820573335e-04
4 1450 -5.553333860900010e-05
1450 4 -5.553333860900010e-05
4 1453 -4.812888822248888e-04
1453 4 -4.812888822248888e-04
4 1456 -5.553333509188883e-04
1456 4 -5.553333509188883e-04
4 1459 -7.404445346199996e-05
1459 4 -7.404445346199996e-05
4 2749 -5.553333897922228e-05
2749 4 -5.553333897922228e-05
4 2767 -1.110666820573335e-04
2767 4 -1.110666820573335e-04
4 2770 -7.404445346199992e-05
2770 4 -7.404445346199992e-05
4 3106 -5.553333860900008e-05
3106 4 -5.553333860900008e-05
4 3109 -4.812888822248888e-04
3109 4 -4.812888822248888e-04
5 5  8.329999948036670e-04
5 8  1.203222233394999e-04
8 5  1.203222233394999e-04
5 140  1.851111439022221e-05
140 5  1.851111439022221e-05
5 143  1.851111439022220e-05
143 5  1.851111439022220e-05
5 488  1.388333301137219e-04
488 5  1.388333301137219e-04
5 1433 -6.663999793468889e-04
1433 5 -6.663999793468889e-04
5 1439 -7.219333287187779e-04
1439 5 -7.219333287187779e-04
5 1445 -7.219333287187780e-04
1445 5 -7.219333287187780e-04
5 1448 -1.110666820573335e-04
1448 5 -1.110666820573335e-04
5 1451 -5.553333860900010e-05
1451 5 -5.553333860900010e-05
5 1454 -4.812888822248888e-04
1454 5 -4.812888822248888e-04
5 1457 -5.553333509188883e-04
1457 5 -5.553333509188883e-04
5 1460 -7.404445346199996e-05
1460 5 -7.404445346199996e-05
5 2750 -5.553333897922228e-05
2750 5 -5.553333897922228e-05
5 2768 -1.110666820573335e-04
2768 5 -1.110666820573335e-04
5 2771 -7.404445346199992e-05
2771 5 -7.404445346199992e-05
5 3107 -5.553333860900008e-05
3107 5 -5.553333860900008e-05
5 3110 -4.812888822248888e-04
3110 5 -4.812888822248888e-04
6 6  8.329999948036670e-04
6 9  1.203222233394999e-04
9 6  1.203222233394999e-04
6 141  1.851111439022221e-05
141 6  1.851111439022221e-05
6 144  1.851111439022220e-05
144 6  1.851111439022220e-05
6 489  1.388333301137219e-04
489 6  1.388333301137219e-04
6 1434 -6.663999793468889e-04
1434 6 -6.663999793468889e-04
6 1440 -7.219333287187779e-04
1440 6 -7.219333287187779e-04
6 1446 -7.219333287187780e-04
1446 6 -7.219333287187780e-04
6 1449 -1.110666820573335e-04
1449 6 -1.110666820573335e-04
6 1452 -5.553333860900010e-05
1452 6 -5.553333860900010e-05
6 1455 -4.812888822248888e-04
1455 6 -4.812888822248888e-04
6 1458 -5.553333509188883e-04
1458 6 -5.553333509188883e-04
6 1461 -7.404445346199996e-05
1461 6 -7.404445346199996e-05
6 2751 -5.553333897922228e-05
2751 6 -5.553333897922228e-05
6 2769 -1.110666820573335e-04
2769 6 -1.110666820573335e-04
6 2772 -7.404445346199992e-05
2772 6 -7.404445346199992e-05
6 3108 -5.553333860900008e-05
3108 6 -5.553333860900008e-05
6 3111 -4.812888822248888e-04
3111 6 -4.812888822248888e-04
7 7  1.499399974150556e-03
7 10  1.203222233394998e-04
10 7  1.203222233394998e-04
7 136  1.851111439022220e-05
136 7  1.851111439022220e-05
7 142  1.851111439022217e-05
142 7  1.851111439022217e-05
7 487  2.498999919013888e-04
487 7  2.498999919013888e-04
7 1429 -6.663999793468893e-04
1429 7 -6.663999793468893e-04
7 1432 -8.885333115431112e-04
1432 7 -8.885333115431112e-04
7 1435 -4.812888822248890e-04
1435 7 -4.812888822248890e-04
7 1438 -9.996000153113332e-04
1438 7 -9.996000153113332e-04
7 1441 -7.219333287187781e-04
1441 7 -7.219333287187781e-04
7 1444 -1.332799975935556e-03
1444 7 -1.332799975935556e-03
7 1453 -6.663999793468889e-04
1453 7 -6.663999793468889e-04
7 1456 -7.219333287187780e-04
1456 7 -7.219333287187780e-04
7 2767 -1.110666820573334e-04
2767 7 -1.110666820573334e-04
7 2770 -5.553333860900007e-05
2770 7 -5.553333860900007e-05
7 3106 -7.404445346199985e-05
3106 7 -7.404445346199985e-05
7 3109 -4.812888822248890e-04
3109 7 -4.812888822248890e-04
7 3166 -1.110666820573334e-04
3166 7 -1.110666820573334e-04
7 3277 -5.553333897922227e-05
3277 7 -5.553333897922227e-05
7 3280 -5.553333860900008e-05
3280 7 -5.553333860900008e-05
7 3283 -7.404445346199991e-05
3283 7 -7.404445346199991e-05
8 8  1.499399974150556e-03
8 11  1.203222233394998e-04
11 8  1.203222233394998e-04
8 137  1.851111439022220e-05
137 8  1.851111439022220e-05
8 143  1.851111439022217e-05
143 8  1.851111439022217e-05
8 488  2.498999919013888e-04
488 8  2.498999919013888e-04
8 1430 -6.663999793468893e-04
1430 8 -6.663999793468893e-04
8 1433 -8.885333115431112e-04
1433 8 -8.885333115431112e-04
8 1436 -4.812888822248890e-04
1436 8 -4.812888822248890e-04
8 1439 -9.996000153113332e-04
1439 8 -9.996000153113332e-04
8 1442 -7.219333287187781e-04
1442 8 -7.219333287187781e-04
8 1445 -1.332799975935556e-03
1445 8 -1.332799975935556e-03
8 1454 -6.663999793468889e-04
1454 8 -6.663999793468889e-04
8 1457 -7.219333287187780e-04
1457 8 -7.219333287187780e-04
8 2768 -1.110666820573334e-04
2768 8 -1.110666820573334e-04
8 2771 -5.553333860900007e-05
2771 8 -5.553333860900007e-05
8 3107 -7.404445346199985e-05
3107 8 -7.404445346199985e-05
8 3110 -4.812888822248890e-04
3110 8 -4.812888822248890e-04
8 3167 -1.110666820573334e-04
3167 8 -1.110666820573334e-04
8 3278 -5.553333897922227e-05
3278 8 -5.553333897922227e-05
8 3281 -5.553333860900008e-05
3281 8 -5.553333860900008e-05
8 3284 -7.404445346199991e-05
3284 8 -7.404445346199991e-05
9 9  1.499399974150556e-03
9 12  1.203222233394998e-04
12 9  1.203222233394998e-04
9 138  1.851111439022220e-05
138 9  1.851111439022220e-05
9 144  1.851111439022217e-05
144 9  1.851111439022217e-05
9 489  2.498999919013888e-04
489 9  2.498999919013888e-04
9 1431 -6.663999793468893e-04
1431 9 -6.663999793468893e-04
9 1434 -8.885333115431112e-04
1434 9 -8.885333115431112e-04
9 1437 -4.812888822248890e-04
1437 9 -4.812888822248890e-04
9 1440 -9.996000153113332e-04
1440 9 -9.996000153113332e-04
9 1443 -7.219333287187781e-04
1443 9 -7.219333287187781e-04
9 1446 -1.332799975935556e-03
1446 9 -1.332799975935556e-03
9 1455 -6.663999793468889e-04
1455 9 -6.663999793468889e-04
9 1458 -7.219333287187780e-04
1458 9 -7.219333287187780e-04
9 2769 -1.110666820573334e-04
2769 9 -1.110666820573334e-04
9 2772 -5.553333860900007e-05
2772 9 -5.553333860900007e-05
9 3108 -7.404445346199985e-05
3108 9 -7.404445346199985e-05
9 3111 -4.812888822248890e-04
3111 9 -4.812888822248890e-04
9 3168 -1.110666820573334e-04
3168 9 -1.110666820573334e-04
9 3279 -5.553333897922227e-05
3279 9 -5.553333897922227e-05
9 3282 -5.553333860900008e-05
3282 9 -5.553333860900008e-05
9 3285 -7.404445346199991e-05
3285 9 -7.404445346199991e-05
10 10  8.329999948036681e-04
10 133  1.851111439022225e-05
133 10  1.851111439022225e-05
10 136  1.851111439022226e-05
136 10  1.851111439022226e-05
10 487  1.388333301137220e-04
487 10  1.388333301137220e-04
10 1429 -4.812888822248884e-04
1429 10 -4.812888822248884e-04
10 1432 -6.663999793468891e-04
1432 10 -6.663999793468891e-04
10 1435 -4.812888822248884e-04
1435 10 -4.812888822248884e-04
10 1438 -7.219333287187779e-04
1438 10 -7.219333287187779e-04
10 1441 -5.553333509188885e-04
1441 10 -5.553333509188885e-04
10 1444 -7.219333287187779e-04
1444 10 -7.219333287187779e-04
10 3166 -1.110666820573335e-04
3166 10 -1.110666820573335e-04
10 3190 -1.110666820573334e-04
3190 10 -1.110666820573334e-04
10 3280 -7.404445346200010e-05
3280 10 -7.404445346200010e-05
10 3283 -5.553333860900012e-05
3283 10 -5.553333860900012e-05
10 3442 -5.553333897922227e-05
3442 10 -5.553333897922227e-05
10 3454 -5.553333860900008e-05
3454 10 -5.553333860900008e-05
10 3496 -7.404445346200000e-05
3496 10 -7.404445346200000e-05
11 11  8.329999948036681e-04
11 134  1.851111439022225e-05
134 11  1.851111439022225e-05
11 137  1.851111439022226e-05
137 11  1.851111439022226e-05
11 488  1.388333301137220e-04
488 11  1.388333301137220e-04
11 1430 -4.812888822248884e-04
1430 11 -4.812888822248884e-04
11 1433 -6.663999793468891e-04
1433 11 -6.663999793468891e-04
11 1436 -4.812888822248884e-04
1436 11 -4.812888822248884e-04
11 1439 -7.219333287187779e-04
1439 11 -7.219333287187779e-04
11 1442 -5.553333509188885e-04
1442 11 -5.553333509188885e-04
11 1445 -7.219333287187779e-04
1445 11 -7.219333287187779e-04
11 3167 -1.110666820573335e-04
3167 11 -1.110666820573335e-04
11 3191 -1.110666820573334e-04
3191 11 -1.110666820573334e-04
11 3281 -7.404445346200010e-05
3281 11 -7.404445346200010e-05
11 3284 -5.553333860900012e-05
3284 11 -5.553333860900012e-05
11 3443 -5.553333897922227e-05
3443 11 -5.553333897922227e-05
11 3455 -5.553333860900008e-05
3455 11 -5.553333860900008e-05
11 3497 -7.404445346200000e-05
3497 11 -7.404445346200000e-05
12 12  8.329999948036681e-04
12 135  1.851111439022225e-05
135 12  1.851111439022225e-05
12 138  1.851111439022226e-05
138 12  1.851111439022226e-05
12 489  1.388333301137220e-04
489 12  1.388333301137220e-04
12 1431 -4.812888822248884e-04
1431 12 -4.812888822248884e-04
12 1434 -6.663999793468891e-04
1434 12 -6.663999793468891e-04
12 1437 -4.812888822248884e-04
1437 12 -4.812888822248884e-04
12 1440 -7.219333287187779e-04
1440 12 -7.219333287187779e-04
12 1443 -5.553333509188885e-04
1443 12 -5.553333509188885e-04
12 1446 -7.219333287187779e-04
1446 12 -7.219333287187779e-04
12 3168 -1.110666820573335e-04
3168 12 -1.110666820573335e-04
12 3192 -1.110666820573334e-04
3192 12 -1.110666820573334e-04
12 3282 -7.404445346200010e-05
3282 12 -7.404445346200010e-05
12 3285 -5.553333860900012e-05
3285 12 -5.553333860900012e-05
12 3444 -5.553333897922227e-05
3444 12 -5.553333897922227e-05
12 3456 -5.553333860900008e-05
3456 12 -5.553333860900008e-05
12 3498 -7.404445346200000e-05
3498 12 -7.404445346200000e-05
13 13  1.725260420499573e-04
13 16  2.411396426888385e-06
16 13  2.411396426888385e-06
13 34  4.210073870022997e-07
34 13  4.210073870022997e-07
13 67  8.145833521277775e-06
67 13  8.145833521277775e-06
13 121  7.217944275570904e-06
121 13  7.217944275570904e-06
13 139  2.833333257521427e-05
139 13  2.833333257521427e-05
13 271  1.912500026633337e-05
271 13  1.912500026633337e-05
13 325  1.806250020541664e-05
325 13  1.806250020541664e-05
13 382  2.546008489777246e-06
382 13  2.546008489777246e-06
13 1369 -2.526044157685222e-06
1369 13 -2.526044157685222e-06
13 1381 -8.093379651482683e-06
1381 13 -8.093379651482683e-06
13 1387 -1.263023200668378e-06
1387 13 -1.263023200668378e-06
13 2503 -1.018402920396283e-05
2503 13 -1.018402920396283e-05
13 2506 -2.887177702477785e-05
2506 13 -2.887177702477785e-05
13 2509 -7.182664707368010e-06
2509 13 -7.182664707368010e-06
13 2512 -1.263023253434692e-06
2512 13 -1.263023253434692e-06
13 2515 -1.684031337262814e-06
2515 13 -1.684031337262814e-06
13 2518 -1.320535858168453e-05
2518 13 -1.320535858168453e-05
13 2521 -1.275000023192858e-05
2521 13 -1.275000023192858e-05
13 2524 -9.645587513932163e-06
2524 13 -9.645587513932163e-06
13 2527 -1.133333350332659e-04
2527 13 -1.133333350332659e-04
13 3112 -1.083750000198334e-04
3112 13 -1.083750000198334e-04
13 3115 -3.612499955988891e-05
3115 13 -3.612499955988891e-05
13 3118 -4.204464168579563e-05
3118 13 -4.204464168579563e-05
13 3121 -7.224999950416675e-05
3121 13 -7.224999950416675e-05
13 3124 -4.887500030977781e-05
3124 13 -4.887500030977781e-05
13 3127 -6.374999767666685e-06
3127 13 -6.374999767666685e-06
13 3142 -1.147500004930000e-04
3142 13 -1.147500004930000e-04
13 3145 -7.224999919911118e-05
3145 13 -7.224999919911118e-05
13 3433 -7.649999981866673e-05
3433 13 -7.649999981866673e-05
13 3436 -3.258333315388894e-05
3436 13 -3.258333315388894e-05
13 3439 -4.249999982055556e-05
3439 13 -4.249999982055556e-05
14 14  1.725260420499573e-04
14 17  2.411396426888385e-06
17 14  2.411396426888385e-06
14 35  4.210073870022997e-07
35 14  4.210073870022997e-07
14 68  8.145833521277775e-06
68 14  8.145833521277775e-06
14 122  7.217944275570904e-06
122 14  7.217944275570904e-06
14 140  2.833333257521427e-05
140 14  2.833333257521427e-05
14 272  1.912500026633337e-05
272 14  1.912500026633337e-05
14 326  1.806250020541664e-05
326 14  1.806250020541664e-05
14 383  2.546008489777246e-06
383 14  2.546008489777246e-06
14 1370 -2.526044157685222e-06
1370 14 -2.526044157685222e-06
14 1382 -8.093379651482683e-06
1382 14 -8.093379651482683e-06
14 1388 -1.263023200668378e-06
1388 14 -1.263023200668378e-06
14 2504 -1.018402920396283e-05
2504 14 -1.018402920396283e-05
14 2507 -2.887177702477785e-05
2507 14 -2.887177702477785e-05
14 2510 -7.182664707368010e-06
2510 14 -7.182664707368010e-06
14 2513 -1.263023253434692e-06
2513 14 -1.263023253434692e-06
14 2516 -1.684031337262814e-06
2516 14 -1.684031337262814e-06
14 2519 -1.320535858168453e-05
2519 14 -1.320535858168453e-05
14 2522 -1.275000023192858e-05
2522 14 -1.275000023192858e-05
14 2525 -9.645587513932163e-06
2525 14 -9.645587513932163e-06
14 2528 -1.133333350332659e-04
2528 14 -1.133333350332659e-04
14 3113 -1.083750000198334e-04
3113 14 -1.083750000198334e-04
14 3116 -3.612499955988891e-05
3116 14 -3.612499955988891e-05
14 3119 -4.204464168579563e-05
3119 14 -4.204464168579563e-05
14 3122 -7.224999950416675e-05
3122 14 -7.224999950416675e-05
14 3125 -4.887500030977781e-05
3125 14 -4.887500030977781e-05
14 3128 -6.374999767666685e-06
3128 14 -6.374999767666685e-06
14 3143 -1.147500004930000e-04
3143 14 -1.147500004930000e-04
14 3146 -7.224999919911118e-05
3146 14 -7.224999919911118e-05
14 3434 -7.649999981866673e-05
3434 14 -7.649999981866673e-05
14 3437 -3.258333315388894e-05
3437 14 -3.258333315388894e-05
14 3440 -4.249999982055556e-05
3440 14 -4.249999982055556e-05
15 15  1.725260420499573e-04
15 18  2.411396426888385e-06
18 15  2.411396426888385e-06
15 36  4.210073870022997e-07
36 15  4.210073870022997e-07
15 69  8.145833521277775e-06
69 15  8.145833521277775e-06
15 123  7.217944275570904e-06
123 15  7.217944275570904e-06
15 141  2.833333257521427e-05
141 15  2.833333257521427e-05
15 273  1.912500026633337e-05
273 15  1.912500026633337e-05
15 327  1.806250020541664e-05
327 15  1.806250020541664e-05
15 384  2.546008489777246e-06
384 15  2.546008489777246e-06
15 1371 -2.526044157685222e-06
1371 15 -2.526044157685222e-06
15 1383 -8.093379651482683e-06
1383 15 -8.093379651482683e-06
15 1389 -1.263023200668378e-06
1389 15 -1.263023200668378e-06
15 2505 -1.018402920396283e-05
2505 15 -1.018402920396283e-05
15 2508 -2.887177702477785e-05
2508 15 -2.887177702477785e-05
15 2511 -7.182664707368010e-06
2511 15 -7.182664707368010e-06
15 2514 -1.263023253434692e-06
2514 15 -1.263023253434692e-06
15 2517 -1.684031337262814e-06
2517 15 -1.684031337262814e-06
15 2520 -1.320535858168453e-05
2520 15 -1.320535858168453e-05
15 2523 -1.275000023192858e-05
2523 15 -1.275000023192858e-05
15 2526 -9.645587513932163e-06
2526 15 -9.645587513932163e-06
15 2529 -1.133333350332659e-04
2529 15 -1.133333350332659e-04
15 3114 -1.083750000198334e-04
3114 15 -1.083750000198334e-04
15 3117 -3.612499955988891e-05
3117 15 -3.612499955988891e-05
15 3120 -4.204464168579563e-05
3120 15 -4.204464168579563e-05
15 3123 -7.224999950416675e-05
3123 15 -7.224999950416675e-05
15 3126 -4.887500030977781e-05
3126 15 -4.887500030977781e-05
15 3129 -6.374999767666685e-06
3129 15 -6.374999767666685e-06
15 3144 -1.147500004930000e-04
3144 15 -1.147500004930000e-04
15 3147 -7.224999919911118e-05
3147 15 -7.224999919911118e-05
15 3435 -7.649999981866673e-05
3435 15 -7.649999981866673e-05
15 3438 -3.258333315388894e-05
3438 15 -3.258333315388894e-05
15 3441 -4.249999982055556e-05
3441 15 -4.249999982055556e-05
16 16  2.071603455331875e-04
16 34  3.840710674095263e-06
34 16  3.840710674095263e-06
16 67  8.145833592111107e-06
67 16  8.145833592111107e-06
16 139  3.068601112787203e-05
139 16  3.068601112787203e-05
16 217  3.630207711003472e-06
217 16  3.630207711003472e-06
16 268  2.125000042500001e-05
268 16  2.125000042500001e-05
16 379  2.140178644042855e-05
379 16  2.140178644042855e-05
16 382  1.221422419527437e-05
382 16  1.221422419527437e-05
16 1366 -2.178124697340984e-05
1366 16 -2.178124697340984e-05
16 1369 -2.304426901001921e-05
1369 16 -2.304426901001921e-05
16 1372 -2.178124646034048e-05
1372 16 -2.178124646034048e-05
16 1381 -4.885689150279769e-05
1381 16 -4.885689150279769e-05
16 1384 -1.452083038902794e-05
1384 16 -1.452083038902794e-05
16 1387 -1.536284556489599e-05
1387 16 -1.536284556489599e-05
16 2503 -8.093378839668935e-06
2503 16 -8.093378839668935e-06
16 2515 -1.263022237068887e-06
2515 16 -1.263022237068887e-06
16 2518 -1.227440520165160e-04
2518 16 -1.227440520165160e-04
16 2521 -5.024107387802185e-05
2521 16 -5.024107387802185e-05
16 2524 -9.645586173638017e-06
2524 16 -9.645586173638017e-06
16 2527 -1.320535887513694e-05
2527 16 -1.320535887513694e-05
16 2752 -1.284107167070000e-04
2752 16 -1.284107167070000e-04
16 2758 -8.499999958444450e-05
2758 16 -8.499999958444450e-05
16 2764 -1.275000008783333e-04
2764 16 -1.275000008783333e-04
16 2788 -8.560714311659534e-05
2788 16 -8.560714311659534e-05
16 2791 -8.500000031166680e-05
2791 16 -8.500000031166680e-05
16 3124 -4.887500016811116e-05
3124 16 -4.887500016811116e-05
16 3127 -3.258333329555561e-05
3127 16 -3.258333329555561e-05
16 3130 -4.249999967888893e-05
3130 16 -4.249999967888893e-05
16 3424 -4.341071470410318e-05
3424 16 -4.341071470410318e-05
16 3436 -6.374999909333341e-06
3436 16 -6.374999909333341e-06
17 17  2.071603455331875e-04
17 35  3.840710674095263e-06
35 17  3.840710674095263e-06
17 68  8.145833592111107e-06
68 17  8.145833592111107e-06
17 140  3.068601112787203e-05
140 17  3.068601112787203e-05
17 218  3.630207711003472e-06
218 17  3.630207711003472e-06
17 269  2.125000042500001e-05
269 17  2.125000042500001e-05
17 380  2.140178644042855e-05
380 17  2.140178644042855e-05
17 383  1.221422419527437e-05
383 17  1.221422419527437e-05
17 1367 -2.178124697340984e-05
1367 17 -2.178124697340984e-05
17 1370 -2.304426901001921e-05
1370 17 -2.304426901001921e-05
17 1373 -2.178124646034048e-05
1373 17 -2.178124646034048e-05
17 1382 -4.885689150279769e-05
1382 17 -4.885689150279769e-05
17 1385 -1.452083038902794e-05
1385 17 -1.452083038902794e-05
17 1388 -1.536284556489599e-05
1388 17 -1.536284556489599e-05
17 2504 -8.093378839668935e-06
2504 17 -8.093378839668935e-06
17 2516 -1.263022237068887e-06
2516 17 -1.263022237068887e-06
17 2519 -1.227440520165160e-04
2519 17 -1.227440520165160e-04
17 2522 -5.024107387802185e-05
2522 17 -5.024107387802185e-05
17 2525 -9.645586173638017e-06
2525 17 -9.645586173638017e-06
17 2528 -1.320535887513694e-05
2528 17 -1.320535887513694e-05
17 2753 -1.284107167070000e-04
2753 17 -1.284107167070000e-04
17 2759 -8.499999958444450e-05
2759 17 -8.499999958444450e-05
17 2765 -1.275000008783333e-04
2765 17 -1.275000008783333e-04
17 2789 -8.560714311659534e-05
2789 17 -8.560714311659534e-05
17 2792 -8.500000031166680e-05
2792 17 -8.500000031166680e-05
17 3125 -4.887500016811116e-05
3125 17 -4.887500016811116e-05
17 3128 -3.258333329555561e-05
3128 17 -3.258333329555561e-05
17 3131 -4.249999967888893e-05
3131 17 -4.249999967888893e-05
17 3425 -4.341071470410318e-05
3425 17 -4.341071470410318e-05
17 3437 -6.374999909333341e-06
3437 17 -6.374999909333341e-06
18 18  2.071603455331875e-04
18 36  3.840710674095263e-06
36 18  3.840710674095263e-06
18 69  8.145833592111107e-06
69 18  8.145833592111107e-06
18 141  3.068601112787203e-05
141 18  3.068601112787203e-05
18 219  3.630207711003472e-06
219 18  3.630207711003472e-06
18 270  2.125000042500001e-05
270 18  2.125000042500001e-05
18 381  2.140178644042855e-05
381 18  2.140178644042855e-05
18 384  1.221422419527437e-05
384 18  1.221422419527437e-05
18 1368 -2.178124697340984e-05
1368 18 -2.178124697340984e-05
18 1371 -2.304426901001921e-05
1371 18 -2.304426901001921e-05
18 1374 -2.178124646034048e-05
1374 18 -2.178124646034048e-05
18 1383 -4.885689150279769e-05
1383 18 -4.885689150279769e-05
18 1386 -1.452083038902794e-05
1386 18 -1.452083038902794e-05
18 1389 -1.536284556489599e-05
1389 18 -1.536284556489599e-05
18 2505 -8.093378839668935e-06
2505 18 -8.093378839668935e-06
18 2517 -1.263022237068887e-06
2517 18 -1.263022237068887e-06
18 2520 -1.227440520165160e-04
2520 18 -1.227440520165160e-04
18 2523 -5.024107387802185e-05
2523 18 -5.024107387802185e-05
18 2526 -9.645586173638017e-06
2526 18 -9.645586173638017e-06
18 2529 -1.320535887513694e-05
2529 18 -1.320535887513694e-05
18 2754 -1.284107167070000e-04
2754 18 -1.284107167070000e-04
18 2760 -8.499999958444450e-05
2760 18 -8.499999958444450e-05
18 2766 -1.275000008783333e-04
2766 18 -1.275000008783333e-04
18 2790 -8.560714311659534e-05
2790 18 -8.560714311659534e-05
18 2793 -8.500000031166680e-05
2793 18 -8.500000031166680e-05
18 3126 -4.887500016811116e-05
3126 18 -4.887500016811116e-05
18 3129 -3.258333329555561e-05
3129 18 -3.258333329555561e-05
18 3132 -4.249999967888893e-05
3132 18 -4.249999967888893e-05
18 3426 -4.341071470410318e-05
3426 18 -4.341071470410318e-05
18 3438 -6.374999909333341e-06
3438 18 -6.374999909333341e-06
19 19  4.351188698982173e-04
19 208  2.411705221134939e-05
208 19  2.411705221134939e-05
19 229  4.840275934930562e-05
229 19  4.840275934930562e-05
19 232  2.420137962625014e-05
232 19  2.420137962625014e-05
19 397  4.831843230982163e-05
397 19  4.831843230982163e-05
19 400  7.251981117410762e-05
400 19  7.251981117410762e-05
19 949 -2.899105911962717e-04
949 19 -2.899105911962717e-04
19 967 -1.452082783383336e-04
967 19 -1.452082783383336e-04
19 970 -2.904165553213902e-04
970 19 -2.904165553213902e-04
19 976 -1.452082781447227e-04
976 19 -1.452082781447227e-04
19 1009 -1.452082769830564e-04
1009 19 -1.452082769830564e-04
19 2488 -1.447023149640489e-04
2488 19 -1.447023149640489e-04
19 2491 -2.900792469934534e-04
2491 19 -2.900792469934534e-04
19 2494 -9.646820940396906e-05
2494 19 -9.646820940396906e-05
19 2497 -1.932737263836917e-04
2497 19 -1.932737263836917e-04
19 2500 -1.447023136337315e-04
2500 19 -1.447023136337315e-04
19 2599 -1.936110368163898e-04
2599 19 -1.936110368163898e-04
19 2602 -9.680551908583346e-05
2602 19 -9.680551908583346e-05
20 20  4.351188698982173e-04
20 209  2.411705221134939e-05
209 20  2.411705221134939e-05
20 230  4.840275934930562e-05
230 20  4.840275934930562e-05
20 233  2.420137962625014e-05
233 20  2.420137962625014e-05
20 398  4.831843230982163e-05
398 20  4.831843230982163e-05
20 401  7.251981117410762e-05
401 20  7.251981117410762e-05
20 950 -2.899105911962717e-04
950 20 -2.899105911962717e-04
20 968 -1.452082783383336e-04
968 20 -1.452082783383336e-04
20 971 -2.904165553213902e-04
971 20 -2.904165553213902e-04
20 977 -1.452082781447227e-04
977 20 -1.452082781447227e-04
20 1010 -1.452082769830564e-04
1010 20 -1.452082769830564e-04
20 2489 -1.447023149640489e-04
2489 20 -1.447023149640489e-04
20 2492 -2.900792469934534e-04
2492 20 -2.900792469934534e-04
20 2495 -9.646820940396906e-05
2495 20 -9.646820940396906e-05
20 2498 -1.932737263836917e-04
2498 20 -1.932737263836917e-04
20 2501 -1.447023136337315e-04
2501 20 -1.447023136337315e-04
20 2600 -1.936110368163898e-04
2600 20 -1.936110368163898e-04
20 2603 -9.680551908583346e-05
2603 20 -9.680551908583346e-05
21 21  4.351188698982173e-04
21 210  2.411705221134939e-05
210 21  2.411705221134939e-05
21 231  4.840275934930562e-05
231 21  4.840275934930562e-05
21 234  2.420137962625014e-05
234 21  2.420137962625014e-05
21 399  4.831843230982163e-05
399 21  4.831843230982163e-05
21 402  7.251981117410762e-05
402 21  7.251981117410762e-05
21 951 -2.899105911962717e-04
951 21 -2.899105911962717e-04
21 969 -1.452082783383336e-04
969 21 -1.452082783383336e-04
21 972 -2.904165553213902e-04
972 21 -2.904165553213902e-04
21 978 -1.452082781447227e-04
978 21 -1.452082781447227e-04
21 1011 -1.452082769830564e-04
1011 21 -1.452082769830564e-04
21 2490 -1.447023149640489e-04
2490 21 -1.447023149640489e-04
21 2493 -2.900792469934534e-04
2493 21 -2.900792469934534e-04
21 2496 -9.646820940396906e-05
2496 21 -9.646820940396906e-05
21 2499 -1.932737263836917e-04
2499 21 -1.932737263836917e-04
21 2502 -1.447023136337315e-04
2502 21 -1.447023136337315e-04
21 2601 -1.936110368163898e-04
2601 21 -1.936110368163898e-04
21 2604 -9.680551908583346e-05
2604 21 -9.680551908583346e-05
22 22  1.452082773702786e-04
22 211  2.420137972305559e-05
211 22  2.420137972305559e-05
22 232  2.420137943263904e-05
232 22  2.420137943263904e-05
22 235  2.420137962625006e-05
235 22  2.420137962625006e-05
22 1042 -1.452082777575006e-04
1042 22 -1.452082777575006e-04
22 1045 -1.452082775638894e-04
1045 22 -1.452082775638894e-04
22 1048 -1.452082771766674e-04
1048 22 -1.452082771766674e-04
22 3484 -9.680551811777819e-05
3484 22 -9.680551811777819e-05
22 3487 -9.680551831138931e-05
3487 22 -9.680551831138931e-05
22 3490 -9.680551869861133e-05
3490 22 -9.680551869861133e-05
23 23  1.452082773702786e-04
23 212  2.420137972305559e-05
212 23  2.420137972305559e-05
23 233  2.420137943263904e-05
233 23  2.420137943263904e-05
23 236  2.420137962625006e-05
236 23  2.420137962625006e-05
23 1043 -1.452082777575006e-04
1043 23 -1.452082777575006e-04
23 1046 -1.452082775638894e-04
1046 23 -1.452082775638894e-04
23 1049 -1.452082771766674e-04
1049 23 -1.452082771766674e-04
23 3485 -9.680551811777819e-05
3485 23 -9.680551811777819e-05
23 3488 -9.680551831138931e-05
3488 23 -9.680551831138931e-05
23 3491 -9.680551869861133e-05
3491 23 -9.680551869861133e-05
24 24  1.452082773702786e-04
24 213  2.420137972305559e-05
213 24  2.420137972305559e-05
24 234  2.420137943263904e-05
234 24  2.420137943263904e-05
24 237  2.420137962625006e-05
237 24  2.420137962625006e-05
24 1044 -1.452082777575006e-04
1044 24 -1.452082777575006e-04
24 1047 -1.452082775638894e-04
1047 24 -1.452082775638894e-04
24 1050 -1.452082771766674e-04
1050 24 -1.452082771766674e-04
24 3486 -9.680551811777819e-05
3486 24 -9.680551811777819e-05
24 3489 -9.680551831138931e-05
3489 24 -9.680551831138931e-05
24 3492 -9.680551869861133e-05
3492 24 -9.680551869861133e-05
25 25  2.297492605638672e-04
25 28  2.546007361236150e-06
28 25  2.546007361236150e-06
25 31  3.840710930142702e-06
31 25  3.840710930142702e-06
25 70  8.145833592111092e-06
70 25  8.145833592111092e-06
25 127  7.605529831181172e-06
127 25  7.605529831181172e-06
25 133  3.068601112787199e-05
133 25  3.068601112787199e-05
25 247  7.260415649500002e-06
247 25  7.260415649500002e-06
25 274  2.125000042499998e-05
274 25  2.125000042499998e-05
25 418  1.213833146559902e-05
418 25  1.213833146559902e-05
25 421  2.140178644042852e-05
421 25  2.140178644042852e-05
25 1597 -2.304427003420894e-05
1597 25 -2.304427003420894e-05
25 1603 -4.356249434372239e-05
1603 25 -4.356249434372239e-05
25 1609 -2.178124745743754e-05
1609 25 -2.178124745743754e-05
25 2416 -7.638023290800353e-06
2416 25 -7.638023290800353e-06
25 2419 -2.070687098182564e-06
2419 25 -2.070687098182564e-06
25 2422 -2.258891255199041e-05
2422 25 -2.258891255199041e-05
25 2437 -2.178124643129879e-05
2437 25 -2.178124643129879e-05
25 2440 -8.560714311659519e-05
2440 25 -8.560714311659519e-05
25 2443 -1.227440520165158e-04
2443 25 -1.227440520165158e-04
25 2446 -1.284107167070000e-04
2446 25 -1.284107167070000e-04
25 2449 -1.275000008783333e-04
2449 25 -1.275000008783333e-04
25 2452 -8.499999958444448e-05
2452 25 -8.499999958444448e-05
25 2455 -8.500000031166661e-05
2455 25 -8.500000031166661e-05
25 3175 -4.855332148566716e-05
3175 25 -4.855332148566716e-05
25 3178 -5.024107387802184e-05
3178 25 -5.024107387802184e-05
25 3181 -1.320535887513695e-05
3181 25 -1.320535887513695e-05
25 3184 -1.018403004473050e-05
3184 25 -1.018403004473050e-05
25 3193 -3.258333329555554e-05
3193 25 -3.258333329555554e-05
25 3196 -4.887500016811113e-05
3196 25 -4.887500016811113e-05
25 3199 -4.249999967888891e-05
3199 25 -4.249999967888891e-05
25 3232 -1.263022265136038e-06
3232 25 -1.263022265136038e-06
25 3235 -1.536284607699088e-05
3235 25 -1.536284607699088e-05
25 3238 -3.042211971151928e-05
3238 25 -3.042211971151928e-05
25 3241 -4.341071470410319e-05
3241 25 -4.341071470410319e-05
25 3445 -6.374999909333341e-06
3445 25 -6.374999909333341e-06
25 3472 -2.904166123304193e-05
3472 25 -2.904166123304193e-05
26 26  2.297492605638672e-04
26 29  2.546007361236150e-06
29 26  2.546007361236150e-06
26 32  3.840710930142702e-06
32 26  3.840710930142702e-06
26 71  8.145833592111092e-06
71 26  8.145833592111092e-06
26 128  7.605529831181172e-06
128 26  7.605529831181172e-06
26 134  3.068601112787199e-05
134 26  3.068601112787199e-05
26 248  7.260415649500002e-06
248 26  7.260415649500002e-06
26 275  2.125000042499998e-05
275 26  2.125000042499998e-05
26 419  1.213833146559902e-05
419 26  1.213833146559902e-05
26 422  2.140178644042852e-05
422 26  2.140178644042852e-05
26 1598 -2.304427003420894e-05
1598 26 -2.304427003420894e-05
26 1604 -4.356249434372239e-05
1604 26 -4.356249434372239e-05
26 1610 -2.178124745743754e-05
1610 26 -2.178124745743754e-05
26 2417 -7.638023290800353e-06
2417 26 -7.638023290800353e-06
26 2420 -2.070687098182564e-06
2420 26 -2.070687098182564e-06
26 2423 -2.258891255199041e-05
2423 26 -2.258891255199041e-05
26 2438 -2.178124643129879e-05
2438 26 -2.178124643129879e-05
26 2441 -8.560714311659519e-05
2441 26 -8.560714311659519e-05
26 2444 -1.227440520165158e-04
2444 26 -1.227440520165158e-04
26 2447 -1.284107167070000e-04
2447 26 -1.284107167070000e-04
26 2450 -1.275000008783333e-04
2450 26 -1.275000008783333e-04
26 2453 -8.499999958444448e-05
2453 26 -8.499999958444448e-05
26 2456 -8.500000031166661e-05
2456 26 -8.500000031166661e-05
26 3176 -4.855332148566716e-05
3176 26 -4.855332148566716e-05
26 3179 -5.024107387802184e-05
3179 26 -5.024107387802184e-05
26 3182 -1.320535887513695e-05
3182 26 -1.320535887513695e-05
26 3185 -1.018403004473050e-05
3185 26 -1.018403004473050e-05
26 3194 -3.258333329555554e-05
3194 26 -3.258333329555554e-05
26 3197 -4.887500016811113e-05
3197 26 -4.887500016811113e-05
26 3200 -4.249999967888891e-05
3200 26 -4.249999967888891e-05
26 3233 -1.263022265136038e-06
3233 26 -1.263022265136038e-06
26 3236 -1.536284607699088e-05
3236 26 -1.536284607699088e-05
26 3239 -3.042211971151928e-05
3239 26 -3.042211971151928e-05
26 3242 -4.341071470410319e-05
3242 26 -4.341071470410319e-05
26 3446 -6.374999909333341e-06
3446 26 -6.374999909333341e-06
26 3473 -2.904166123304193e-05
3473 26 -2.904166123304193e-05
27 27  2.297492605638672e-04
27 30  2.546007361236150e-06
30 27  2.546007361236150e-06
27 33  3.840710930142702e-06
33 27  3.840710930142702e-06
27 72  8.145833592111092e-06
72 27  8.145833592111092e-06
27 129  7.605529831181172e-06
129 27  7.605529831181172e-06
27 135  3.068601112787199e-05
135 27  3.068601112787199e-05
27 249  7.260415649500002e-06
249 27  7.260415649500002e-06
27 276  2.125000042499998e-05
276 27  2.125000042499998e-05
27 420  1.213833146559902e-05
420 27  1.213833146559902e-05
27 423  2.140178644042852e-05
423 27  2.140178644042852e-05
27 1599 -2.304427003420894e-05
1599 27 -2.304427003420894e-05
27 1605 -4.356249434372239e-05
1605 27 -4.356249434372239e-05
27 1611 -2.178124745743754e-05
1611 27 -2.178124745743754e-05
27 2418 -7.638023290800353e-06
2418 27 -7.638023290800353e-06
27 2421 -2.070687098182564e-06
2421 27 -2.070687098182564e-06
27 2424 -2.258891255199041e-05
2424 27 -2.258891255199041e-05
27 2439 -2.178124643129879e-05
2439 27 -2.178124643129879e-05
27 2442 -8.560714311659519e-05
2442 27 -8.560714311659519e-05
27 2445 -1.227440520165158e-04
2445 27 -1.227440520165158e-04
27 2448 -1.284107167070000e-04
2448 27 -1.284107167070000e-04
27 2451 -1.275000008783333e-04
2451 27 -1.275000008783333e-04
27 2454 -8.499999958444448e-05
2454 27 -8.499999958444448e-05
27 2457 -8.500000031166661e-05
2457 27 -8.500000031166661e-05
27 3177 -4.855332148566716e-05
3177 27 -4.855332148566716e-05
27 3180 -5.024107387802184e-05
3180 27 -5.024107387802184e-05
27 3183 -1.320535887513695e-05
3183 27 -1.320535887513695e-05
27 3186 -1.018403004473050e-05
3186 27 -1.018403004473050e-05
27 3195 -3.258333329555554e-05
3195 27 -3.258333329555554e-05
27 3198 -4.887500016811113e-05
3198 27 -4.887500016811113e-05
27 3201 -4.249999967888891e-05
3201 27 -4.249999967888891e-05
27 3234 -1.263022265136038e-06
3234 27 -1.263022265136038e-06
27 3237 -1.536284607699088e-05
3237 27 -1.536284607699088e-05
27 3240 -3.042211971151928e-05
3240 27 -3.042211971151928e-05
27 3243 -4.341071470410319e-05
3243 27 -4.341071470410319e-05
27 3447 -6.374999909333341e-06
3447 27 -6.374999909333341e-06
27 3474 -2.904166123304193e-05
3474 27 -2.904166123304193e-05
28 28  1.733337098871482e-04
28 31  2.105037009389336e-07
31 28  2.105037009389336e-07
28 70  8.145833521277794e-06
70 28  8.145833521277794e-06
28 124  7.217944274728875e-06
124 28  7.217944274728875e-06
28 127  5.556183137564564e-07
127 28  5.556183137564564e-07
28 133  2.833333257521424e-05
133 28  2.833333257521424e-05
28 271  1.912500026633334e-05
271 28  1.912500026633334e-05
28 325  1.806250020541665e-05
325 28  1.806250020541665e-05
28 418  2.470114787173554e-06
418 28  2.470114787173554e-06
28 1597 -1.263022121785327e-06
1597 28 -1.263022121785327e-06
28 2416 -9.880457240975599e-06
2416 28 -9.880457240975599e-06
28 2419 -2.222473200944762e-06
2419 28 -2.222473200944762e-06
28 2422 -2.070687754371682e-06
2422 28 -2.070687754371682e-06
28 2425 -1.263022258399927e-06
2425 28 -1.263022258399927e-06
28 2428 -7.182663714017284e-06
2428 28 -7.182663714017284e-06
28 2431 -2.887177503976039e-05
2431 28 -2.887177503976039e-05
28 2443 -1.320535858168453e-05
2443 28 -1.320535858168453e-05
28 3136 -1.147500004930000e-04
3136 28 -1.147500004930000e-04
28 3145 -7.224999919911117e-05
3145 28 -7.224999919911117e-05
28 3148 -1.083750000198334e-04
3148 28 -1.083750000198334e-04
28 3175 -7.638023121066478e-06
3175 28 -7.638023121066478e-06
28 3178 -1.275000023192859e-05
3178 28 -1.275000023192859e-05
28 3181 -1.133333350332659e-04
3181 28 -1.133333350332659e-04
28 3184 -1.018403134912839e-05
3184 28 -1.018403134912839e-05
28 3193 -6.374999767666680e-06
3193 28 -6.374999767666680e-06
28 3196 -4.887500030977782e-05
3196 28 -4.887500030977782e-05
28 3232 -8.420156835069833e-07
3232 28 -8.420156835069833e-07
28 3235 -1.263023228735543e-06
3235 28 -1.263023228735543e-06
28 3238 -2.070688043833951e-06
3238 28 -2.070688043833951e-06
28 3244 -4.204464168579563e-05
3244 28 -4.204464168579563e-05
28 3247 -3.612499955988891e-05
3247 28 -3.612499955988891e-05
28 3250 -7.224999950416667e-05
3250 28 -7.224999950416667e-05
28 3445 -3.258333315388897e-05
3445 28 -3.258333315388897e-05
28 3448 -7.649999981866669e-05
3448 28 -7.649999981866669e-05
28 3451 -4.249999982055558e-05
3451 28 -4.249999982055558e-05
29 29  1.733337098871482e-04
29 32  2.105037009389336e-07
32 29  2.105037009389336e-07
29 71  8.145833521277794e-06
71 29  8.145833521277794e-06
29 125  7.217944274728875e-06
125 29  7.217944274728875e-06
29 128  5.556183137564564e-07
128 29  5.556183137564564e-07
29 134  2.833333257521424e-05
134 29  2.833333257521424e-05
29 272  1.912500026633334e-05
272 29  1.912500026633334e-05
29 326  1.806250020541665e-05
326 29  1.806250020541665e-05
29 419  2.470114787173554e-06
419 29  2.470114787173554e-06
29 1598 -1.263022121785327e-06
1598 29 -1.263022121785327e-06
29 2417 -9.880457240975599e-06
2417 29 -9.880457240975599e-06
29 2420 -2.222473200944762e-06
2420 29 -2.222473200944762e-06
29 2423 -2.070687754371682e-06
2423 29 -2.070687754371682e-06
29 2426 -1.263022258399927e-06
2426 29 -1.263022258399927e-06
29 2429 -7.182663714017284e-06
2429 29 -7.182663714017284e-06
29 2432 -2.887177503976039e-05
2432 29 -2.887177503976039e-05
29 2444 -1.320535858168453e-05
2444 29 -1.320535858168453e-05
29 3137 -1.147500004930000e-04
3137 29 -1.147500004930000e-04
29 3146 -7.224999919911117e-05
3146 29 -7.224999919911117e-05
29 3149 -1.083750000198334e-04
3149 29 -1.083750000198334e-04
29 3176 -7.638023121066478e-06
3176 29 -7.638023121066478e-06
29 3179 -1.275000023192859e-05
3179 29 -1.275000023192859e-05
29 3182 -1.133333350332659e-04
3182 29 -1.133333350332659e-04
29 3185 -1.018403134912839e-05
